35202
8005
15863
-49654
7182
-41309
-3690
25501
6053
7074
-70602
96581
-74432
4831
-87327
25079
30388
31926
98399
-37251
-44688
14005
-13338
89558
4093
-7275
-54049
-37964
-88618
37564
-67002
86073
38506
88436
22786
-63140
-16210
-57928
37777
-56337
-16984
-69126
95355
22527
-66835
-48367
-46945
56466
60345
-17794
-85624
-76273
-65006
93626
-89456
61206
-87361
-91879
21327
-36436
-19975
-33214
52941
63311
-42161
-59985
3001
-66297
1198
13624
9077
-83603
57205
-36517
56639
-94764
97145
7015
83705
-17925
-80949
23717
29917
-67156
88330
-23119
-86677
2378
-4478
-81591
15402
23866
-7621
48706
60215
63374
-94075
-54340
-91359
-6385
