88240
24936
-8864
28814
-80108
-50051
24511
74931
81290
97555
7617
13012
-3440
54920
-57447
-15954
36008
-87121
58274
-34763
-22031
32853
98567
76337
-76609
19995
22896
-38472
18289
75547
1411
10882
-80314
61255
-55083
-58936
-27020
-85149
-57336
-77408
30329
76655
-38127
-81277
-80633
-43558
-3153
-85923
-33044
44868
-33732
81569
-87155
-43078
67223
-86875
46162
6417
73685
18934
-54194
79095
71867
-38860
23394
5925
-28620
63616
41121
-43403
21286
44718
-34868
-45130
-19580
-3157
24168
-36294
-25827
-18531
3974
-10600
-59701
-17456
-95093
-2545
-70914
99261
65322
96611
-7272
-80622
30079
-69978
-3269
-91887
-87367
-96554
-45122
16118
-26920
84864
64728
41244
-68864
-71087
39834
28074
-38858
-78979
-77199
-78803
78891
10378
-44421
-34154
-45622
96093
77133
-7137
56647
-5066
-35650
5394
-59911
-97221
-84484
62937
67362
49695
-80833
-46804
4462
-4666
90107
68052
-21815
-14168
-16176
-47501
70673
25786
19847
-94485
28849
86045
59657
65004
-20787
-47855
77365
-71456
34401
84410
57429
-69076
-78150
-74508
95986
-37725
-75966
81708
-43966
32259
-43757
-55485
56543
67996
50785
-36515
-65179
23324
-2888
7901
3926
21996
-75447
96625
87731
16535
-49804
88535
26461
-33854
-72834
-98763
78706
-71210
-79828
74133
-40954
57916
45157
75254
28651
-24542
48706
68733
-45721
99061
55057
2465
28706
-76615
16962
85083
-15806
50825
-80213
51049
-4732
98396
-73719
49906
43985
99790
16884
-63671
-34290
58870
33459
4343
98700
55556
-45968
-77731
-22081
31519
-50648
98343
-33070
14182
54087
-99050
89127
17276
-32857
55885
86569
-15632
-85492
36642
48285
-82599
-39252
-52399
-51478
-35703
-51872
57607
-37760
66031
-71652
27898
71668
21731
-86788
-15704
-45374
70692
-67181
66084
42884
-91340
76463
-54986
-49826
52582
-68752
-71148
34500
-17084
-73756
28594
-66031
-22838
94416
35676
62591
49396
36159
60938
-7276
45775
19066
95422
29580
-25139
-19
61879
69966
45804
-58761
-71677
31349
-70382
42297
-84923
-63976
15344
-94653
93181
-51699
-97883
-67440
-48113
-99243
34982
-44058
11828
40275
41934
-46667
45570
75198
-71753
-46053
-72148
94391
61952
77222
-96034
-30952
32648
-16903
-62513
-31621
-36503
12209
-82100
69331
-14248
-89774
-8498
98324
48117
-94145
35363
-74928
-30702
-93233
-56456
-24026
87355
-62835
89081
63357
73082
-67244
29461
11305
69911
-80007
-78015
-89422
21308
94235
89361
-5675
8691
22507
-23383
4275
70640
18086
56322
-29168
-23812
-36130
-1602
81178
49908
-53111
-60907
-34269
-74214
-50745
97724
-13339
4028
13169
12689
20566
33570
91787
-33346
49305
28942
-34503
58215
-20524
85583
-76024
-43347
-19566
42551
66545
96287
-24720
37363
41967
16212
5942
76949
-24887
91595
-84045
-73241
-97029
-27322
-50096
-86815
34785
95770
-35037
-878
28199
55575
-24662
87138
42186
-60880
-41794
23461
-90210
-85229
69416
-85905
-38287
-32886
77040
-64083
-56723
-73692
-92275
-59437
-35908
98298
-766
12233
14115
-66412
-27779
75998
44799
26626
-77878
93511
-8707
52743
258
-44297
80365
9382
-8613
71310
-33951
9208
-91237
-13680
52208
-50213
95536
18973
-23465
-26808
31562
38721
11589
43916
-85452
-7668
80098
91248
-7169
85837
4166
-61455
-5011
67511
-14316
-41129
-29883
56566
-12774
-19865
-95773
-4764
-87010
-16037
-2090
-89612
-52606
62851
-1688
63607
-98032
-51306
-44988
69138
-53676
-42312
-67410
-27144
-78616
47933
35515
45024
-75517
-63117
30250
-13594
-12483
-38673
-56223
-80597
-66514
-94626
-61914
-86461
36447
64780
43614
99130
-73294
87257
-96357
-70710
-4540
38556
-32733
-27148
50769
35482
-3435
57779
63758
36412
-19400
84703
36094
-35056
66906
27542
71083
90579
35470
-27402
86248
-9631
-96895
48956
98672
-68740
-79236
-26513
83972
78208
-70483
92426
47047
31764
66145
-92645
20718
-19595
18200
-30069
85612
9089
-33289
73758
25193
-51649
65102
-11711
52167
-55004
-36725
-82579
22921
-18574
93504
59668
-68348
-31159
9811
-17743
-79371
-23028
46979
-74420
10988
84927
-44791
66374
28126
6864
52929
-55537
-84660
40710
-59293
-2806
-83613
36467
-10284
-20143
-14238
98331
-90786
-43595
-19909
71634
-57168
4367
-1101
71506
-20402
42712
7176
78997
-37440
-15772
-72085
-43335
-91079
53079
45651
-12771
53261
-96964
56069
24754
-77155
67321
38638
-64312
34895
25812
-72759
18957
87820
-59743
-27800
85974
-71086
39406
-79540
6144
-15863
-89303
12587
26081
-20111
-3804
-57720
-96754
-80264
9310
-29489
-1428
92047
-13525
-23576
-18305
-81452
-96314
-87118
-42270
-50367
88951
77472
-84318
13842
-64986
52220
62526
77512
-18131
56753
43313
-30675
-68726
-43844
44266
80627
-87806
-46294
-70907
-77480
-25819
64532
60637
-83221
70650
-74844
15792
-47558
42839
-41822
-41477
-50971
-84800
-34809
-55626
-98366
-50848
-31519
38332
21799
-64337
66332
-74178
-84637
82830
-92675
29732
-43612
-39347
10828
-94885
97667
13085
95380
-79046
-58055
-83521
-95809
-53975
-14563
72853
1383
44468
-12963
-92382
-48554
52370
68341
90769
-83318
-64705
-6081
-92403
-54460
51046
-1841
-39115
24214
-69786
84091
-47610
-57308
28059
67073
-22820
-62386
-72977
74414
-22268
-46595
26810
63518
-47438
88728
-57175
-7288
97447
68342
-38755
-43334
88851
-556
19109
-4279
-57830
-23561
50827
-38934
-25810
7604
-14182
78358
-7087
-75725
-26905
89428
-19309
-30733
37476
-4904
-45201
-34210
55336
-49779
-18566
98262
53614
24973
11878
3212
94938
-30555
27999
-39424
-23178
58622
-83715
-6199
-87187
-75867
-27994
-2829
94613
-17763
-48724
8670
-42905
62313
58370
81965
90038
16836
29224
-85864
21220
-48554
-78579
82809
66655
-62329
22376
9655
6988
-988
72539
92642
-98107
34722
-21380
55366
-12559
-93880
27875
38041
-38276
-80269
82494
-86615
8268
-5726
-17746
47752
-1056
-91192
10677
-93773
53816
37228
66456
81303
-6231
80542
-50533
-85506
-74354
-38375
80269
34348
43459
6869
-43040
-9674
99747
-28496
98814
41781
-64819
8412
39870
-81911
-81808
-97589
-58863
-78148
-4523
99553
20008
39690
80993
-25064
-54688
36544
60433
-33326
4677
76044
-47902
87667
-12711
27298
45228
38969
67423
-45
15798
-28690
-43214
60605
-29242
43758
19060
-97975
11857
-72398
21286
-68065
34281
-50992
-14201
-62583
-5723
-17674
12766
-93579
91124
96938
14863
45639
73194
-69656
75432
24780
8861
-42993
24333
29834
12987
-66411
19321
76191
-57502
-96065
45152
-63567
26348
-51436
-15885
-11330
-49749
68255
-98457
86776
76452
-4885
-77427
82350
-68330
-28346
93861
48696
80268
-36881
-42447
52212
68622
-73091
86899
81662
-80438
65468
-90837
-10708
-13479
-79303
-40642
-48347
-92599
43075
45266
39128
79594
-56851
95780
-70641
72260
-93070
-75111
-67648
11812
-2387
26822
-36073
31040
-27021
-2831
8113
-26200
-92794
-89067
-88269
-23534
-9603
92632
-74942
-17946
80230
-26200
19228
80740
-42181
-60045
45421
-80238
23509
78386
51656
38324
-30636
87013
36677
-35280
-32022
-46605
-42545
-17043
-43018
-47036
27455
78773
-30036
24520
-40576
54003
48408
-50072
-97795
-44177
-92065
-19729
12820
-9907
60641
21388
-59393
54490
-52589
-82662
-60980
58571
-69631
67446
-83679
84608
-92554
-99250
-52417
3130
61750
2364
90354
-34695
17147
99715
-45060
25293
-3630
20588
-31700
-82713
-41731
-50705
-99358
22261
1572
-47992
-69581
-7978
14053
-65746
-1451
13324
-83205
88525
-54307
-48385
-1579
-13783
35007
-53784
-90657
15489
-2543
-28942
14129
53888
-66222
20590
-60869
-42082
53716
-2088
55185
-89799
68744
-593
14974
-61776
99806
10674
2001
74075
48095
76943
-58322
-72119
86933
-28329
46578
56441
85744
11036
86551
45524
-97666
-77704
-37794
-56044
-30816
18927
-11127
-34077
-26711
14609
99575
5153
15741
47251
-14858
88464
-72760
-82212
-63660
73227
40550
33632
27401
40957
-31751
7619
-64947
9700
80193
-5709
21694
-56947
-10198
-79572
68829
-45919
15997
76708
11977
16618
-40954
-58110
-80205
95135
-88303
28873
29488
47060
8942
-27853
-24440
90903
79043
-41169
16716
97663
-34858
80572
-24310
-43689
27068
-88595
-95165
58595
75295
15130
54192
-85506
-54317
-53711
35311
-76357
67064
33532
-95595
-4976
12384
-82748
-57000
49846
45822
84485
71456
-23045
-42689
-12504
83467
-88389
3218
-60232
-3941
-9272
-71376
-50492
85695
54831
62114
-50390
56122
-46864
-22834
-91983
-81260
-48000
-1678
27361
-94099
-15702
79675
-93465
54568
-962
48238
43880
2822
28417
-26218
31351
-42631
-53007
32441
-34810
53329
-14224
99265
-68987
-73341
21960
-27366
-8742
-24091
38953
-45759
58181
-63073
-24773
16135
31281
4937
98150
18985
-99984
22885
-88810
60772
4571
-63851
-91707
3270
5763
-58730
-25032
60295
-30006
17863
-83406
-7098
-72184
-77649
78904
69109
-10938
-71646
1606
-10038
-62146
-52091
4958
-51765
66503
-42932
88872
97664
29569
53344
-95983
53818
-30368
96278
74236
-52609
85529
49730
10787
92914
-83359
50587
81261
-46175
10467
-41323
-92951
-8719
79777
7376
-13240
65460
-69519
7026
1571
1322
-8005
48557
-54825
58671
18322
37377
80116
-55678
-15166
75010
25658
-18996
-1882
-95165
2029
68792
49598
32007
82445
-24452
-29373
-62714
61344
93930
-54510
-60239
-95841
23654
-31708
-76865
7519
-1925
-18194
8942
1449
-13185
-12498
-84178
62308
81597
-91098
32179
61622
89004
36547
-11401
-68585
-20863
-74488
-13794
-29011
-3479
-17168
-88624
50739
-81986
53061
-67933
-48834
61701
-31074
-4852
-19141
30309
-30527
-58015
84609
20071
68068
8169
55253
-73572
21294
93051
91747
-20085
91718
87477
-6775
-53987
-84959
25483
736
24747
92402
-85826
94537
83764
20378
11370
14032
-90579
19343
24115
-72515
-93602
68417
4410
96188
53901
31626
69525
-56299
6642
-18980
58556
83464
32031
-48317
15507
-28656
62331
85872
78236
-41683
220
22617
-26451
-24624
54764
-46993
60663
71832
39734
30777
37413
-85666
-96853
-54557
28739
4288
56960
14469
94835
42453
-22305
41986
-15796
-81370
-62605
-45377
-30174
-49080
-62038
61073
-42652
70539
42834
-28053
-61672
-77523
86013
-60121
48096
-46265
87237
-45645
58104
99365
16922
26094
-62629
-80257
43762
56304
-27635
62629
95783
75343
-24382
73410
-54275
-81492
8897
55896
65659
-15839
-24909
38729
86902
20763
-63367
-18194
36348
-30997
-25826
-15941
-30128
-18731
-64371
84905
67531
-86648
-16746
-64122
30374
-79342
-20130
-53488
-66953
73820
54577
80340
-4685
-41876
-86606
-19365
-18213
-49347
39225
70103
-92147
65111
-89370
-97100
-90153
-84200
10762
71001
-46859
57426
-3533
-11107
-56466
-57624
18531
-73082
5669
-13849
-80632
2133
30964
-1444
-4563
-92970
-57351
-28757
-32168
37390
-46248
97843
-49855
12228
39379
-55009
58332
75495
82852
56242
-35711
-43369
-96135
-43854
44209
-13151
-98373
-94073
-43179
63009
-29747
-67983
25209
9717
-8679
90280
77642
5764
1460
-8559
-42871
53827
49236
-71467
82394
-5618
-33263
57817
-76505
-15038
-10837
-85985
-36268
19633
23913
-26848
50776
-93422
17911
97143
83213
41716
10732
-91984
40436
-27398
3569
11709
2150
-95999
-5024
73871
65146
14691
-30577
-91204
-20454
3766
-88428
62830
66065
10607
72740
-46659
75659
36833
2431
76559
55956
72728
-43762
-24033
59479
63125
26329
-35102
25978
-59190
52177
8207
-39621
12470
-25426
18560
46301
-64617
30256
15428
10539
12074
8242
-73173
14871
80709
-27802
24909
-7434
-87829
70891
-9996
-59296
18856
-95177
-99062
24955
60906
50961
-29393
58891
77591
59990
90365
35154
19683
-8207
99950
10917
72233
-22647
59318
7302
77879
-49483
-31468
82864
-54497
82272
3552
-22123
-22179
91553
9500
21163
6167
53773
92000
-59949
35779
-59201
-34017
-97222
77412
-61677
-53997
-14726
46470
-18176
14774
-33739
-17676
45366
-97903
-66829
40136
84035
-1504
27675
-85706
-54659
11876
52348
-60187
85863
40739
41441
-99499
74817
-98121
-37879
57725
55977
41690
81070
-60012
-24235
60559
-2286
39596
44274
30904
35237
16543
65732
-8718
-31105
65308
-13175
-66089
-26467
-38563
-94039
91238
87590
33200
-78912
-41877
16326
14414
-61439
22390
-33780
94613
-29697
11303
-40645
-35746
-86740
64386
99517
-74278
-48531
34453
49308
73640
-23608
-31524
89317
-42402
-73724
28939
-13661
53404
-71592
-39472
-88062
-45038
-44979
-10396
-65123
19720
-56224
13633
-42052
-91359
-3456
-59033
-82184
3808
38891
14500
30145
15995
81593
-87704
54747
-64291
84717
-51934
13758
-26824
-65615
45373
-32253
-42228
67576
68871
53862
-83730
-42463
-23299
52398
-79363
-88352
27618
60138
-45232
61164
-90462
-41817
81656
5804
-48318
-46178
53639
11187
-61080
44053
71159
-66175
-40935
-81888
31944
-15991
35568
-21151
44186
-50006
-87184
-96838
9250
13726
26551
91154
-17519
-34820
77933
14677
-83010
-84559
52593
54163
-82127
-48484
43551
59078
-14676
-74133
-96578
66927
17968
95098
85823
7329
35867
87503
-95912
22145
-65233
4983
26753
-61194
98219
-38688
-6367
56178
23234
-95653
-32478
-68910
7132
91968
-29284
75349
38234
69753
-14975
-4289
47913
-67669
27441
-58242
10167
11001
-61678
13293
-18774
29575
47464
-27214
23671
-36002
-37864
26046
-59843
85579
61347
31366
-20402
75444
-5253
32619
96149
-89837
-6993
-67478
-59527
49922
58179
33929
6073
4034
-39467
-12939
-41774
-43112
33978
72209
94113
24374
38407
55449
64358
-50414
12938
-74451
89941
10439
9902
-98422
-97729
94779
20161
-62692
16652
65491
60815
10407
80339
92199
54134
-39990
60660
-19433
-99963
-44016
-43382
-18892
-9781
38203
-9045
20109
-41287
65919
-86235
95089
2518
-18110
-84663
-88844
67817
-75726
84829
-9484
11532
-43494
-49099
-73443
-31657
-45458
74306
-59711
77158
-14369
-29213
3632
-57525
97870
-33661
64417
-88648
15703
71091
14470
-54669
-6138
42489
77575
93387
-30896
-21677
-39381
41303
-51344
-82250
80099
9751
-20770
-74691
4188
95047
-39275
61831
-50752
70422
81162
26047
43743
61248
44462
59934
81745
-54743
-53341
41645
-4150
24650
-71676
-20908
17230
-29168
15727
93533
28454
-14279
-2741
-3923
-84014
-77738
43366
-24483
59473
58103
-11699
-81213
64892
-14475
72680
-59170
-61472
-33530
-66483
-42376
66234
-67040
-28350
13210
-55683
94568
89826
73734
89370
-9555
98730
-52293
35723
-87678
27037
-16531
-26269
-93465
80489
61790
99505
89203
19046
-92712
-5483
-43139
-5621
-46945
18108
-52071
-363
-39313
-98681
97222
52671
83095
-96147
-28646
-77823
91829
6110
71027
32036
71982
-66837
-83876
-51012
79216
57573
-34017
90344
-59495
72027
24877
33586
73067
-67456
-78612
40481
-8441
9933
-56422
55481
-81194
-74419
19375
14797
-13938
-90270
96003
89580
-9827
26477
5150
75793
-79591
82383
54160
-60916
-33669
6640
36932
-87409
93143
27673
75784
71398
-24027
54440
-12446
-62844
41074
-19106
19668
21735
88836
-28652
-4290
-32523
1020
12529
-92211
-53967
-35768
91489
86035
5658
-15339
40522
65299
69530
33604
99172
-86675
-58881
63799
87485
4052
75999
90329
19462
6770
-94681
62910
-51363
82402
98175
-52778
42168
76846
87475
-49914
-56446
-11279
95409
-54701
-39562
-23324
-42434
2494
-39015
11779
56166
-56204
6088
25833
-64309
-66375
25535
-23068
-95572
-8729
-25603
41979
93322
-14657
37339
-74803
68734
-3401
73434
-54323
3386
-88018
85064
97074
-1227
-71137
96382
-85084
-90181
64449
73041
35246
-11387
35162
-13461
-5966
-42916
8077
82786
-24098
10150
-2331
-50903
40392
-26952
25435
-79921
-77175
81273
-78224
22278
-42100
-20067
-75644
-9338
50807
-64572
-30904
-28057
46367
33079
-742
-7935
-25351
57477
-21720
-43037
-68589
-37666
31294
54690
-40780
80689
5979
-34818
6409
-60555
91383
25534
40888
-44929
47176
-47843
63887
66708
-16543
-32693
2771
8582
-16399
-54318
47515
26790
-62199
58693
93778
-22885
37959
-4156
30392
-32430
-76522
-41266
-34740
-68428
68128
-79215
27100
37735
-31096
44465
93679
56245
-8766
4782
-57507
-98807
-8517
915
92439
-45558
-78391
75159
5867
-72922
40168
58485
46883
46990
79959
-81725
18779
-10778
67181
86495
36310
49526
-73092
-69641
-58404
-94690
-59560
22988
-33497
21524
-29885
59495
72851
27599
-63131
-63506
48224
37503
-54304
-9028
98034
-74859
89677
42228
-29837
76147
-59173
21337
33877
-96816
14642
19199
-73812
-91790
67653
24178
30087
39165
8300
-63598
93866
15388
-29973
-90993
62846
-59567
-15643
-59600
31534
87165
-72648
81694
63650
-75514
-15215
21818
-52329
49823
-48387
-40042
-81630
92388
-29463
-15917
16399
-20754
86242
-53426
71853
55048
23843
-46288
-39292
-10263
12212
-50399
-85947
74276
40413
-7628
-20133
-6560
-13901
11946
86583
-35345
-38487
89778
41449
93913
70163
39279
19958
92044
32959
-27667
23583
91212
62526
-35315
20291
-91885
-70272
12213
91497
-56332
-35438
82996
-45887
-65380
-16324
-73189
-90215
-57078
-58017
-35483
47396
-24728
-24547
46950
63062
51348
-17925
17767
51604
65545
74395
-55846
-49557
16745
27094
95086
-93428
98363
73759
-31536
53687
22107
-98373
-31958
50535
64484
-71524
-81988
50084
-36280
40492
-79129
-3068
-84932
92254
63322
-75
67602
-66778
17393
36992
-5528
37570
-81207
-89933
72595
-19731
3204
-37346
-85221
94830
-80390
-46156
17659
-25107
92079
-21283
65154
-70066
-35182
25072
98942
-8402
-15523
40257
58073
27755
-40674
-80542
-50396
-45023
27680
93752
70280
77870
-11203
46498
97589
32641
62961
-93390
19781
-86452
22698
21489
46964
62054
-83108
70869
-4572
-92520
-91936
-80024
-93360
53757
-2138
-48587
-77735
-46435
56027
69670
3543
35034
-19845
43861
-7800
-10911
-76944
-8982
-36585
41872
65876
45508
50139
667
-80456
-20058
-83159
49332
53630
-48086
15616
86683
-9749
-73725
74180
-79682
60024
43830
-3645
93576
-95260
-60038
49468
55949
4119
31567
-43299
30624
-40029
-42721
96226
-35393
3921
-72019
-78223
11734
84510
82035
56722
-99069
67068
-91608
89931
58833
-61517
55315
16645
29386
-67892
78763
-80853
-64894
-28197
42497
-73206
-53970
-10066
-24896
59517
9026
-11314
61427
65418
38910
-96672
-1822
-74090
39917
30915
-4396
65745
-59996
-66157
96210
-98816
-55157
-67092
-80560
37299
67800
19106
-97651
-10423
-61379
21816
-16491
62577
57545
34923
61091
71949
-67507
88339
-65592
62263
-30919
-25480
-6087
-99654
27530
-66641
-48975
48987
85913
-3356
-33277
50863
44925
-35273
-1721
55210
90061
48241
67815
4810
-41005
79730
6494
-89030
-20205
-45777
61742
97765
-76469
-24647
-43700
-18245
-6298
-5651
-12163
-6435
27561
-85491
25658
-21887
49786
-26648
41714
-27517
-80853
14600
-18450
-90820
8279
85762
-64888
91455
2009
-38475
52264
48032
-4532
-84323
65737
58550
-32399
-63525
-39793
58107
-71808
-22498
-74226
8621
-14349
-56012
43442
-305
21493
45723
57942
-51705
70193
81008
-16696
-89423
-24210
-65567
-38658
-27693
20747
51469
-3612
-6933
85321
-56638
-72119
53524
56461
81787
-33737
88972
-28128
-9948
5471
-31960
59577
-42833
-78687
-99708
629
-80612
-14660
1268
-99937
70972
-91376
-30986
41923
8188
-78053
-65782
65601
-95136
66244
-15215
-64079
-55063
-66407
38483
-18521
-54486
-87548
-7335
-15820
-66953
-54809
-54465
43576
40208
-38877
-62099
51902
71587
-50389
10047
54578
-12303
-5688
59267
47794
51169
76315
-9922
-27566
-74363
86962
10043
-86068
16243
17226
-2418
-1186
97746
93683
44684
-22827
-21861
32441
-32004
-20635
-66882
-71395
-6663
49928
67362
-37108
-90454
24933
21272
15460
-49423
-8215
10957
75894
-33570
-48290
-35371
64052
-53229
27603
96060
23455
-55777
55647
4869
36080
-59238
-76789
54544
97732
58118
81813
-57891
76812
36225
-13644
-96099
37045
-8707
-69915
21983
93418
-76830
17784
-86765
-62675
36448
29243
2210
-63252
30963
-65375
61794
15579
20889
-44007
-42867
41440
-55793
-40824
-3137
58132
50080
13568
-84040
90544
-71295
28637
-33999
61827
30914
-40678
-12397
-13377
-57870
-92175
36116
-21150
70158
-59885
61418
17353
-87812
-91529
-65637
89769
6048
-47737
51303
18615
63214
48391
99159
72828
26901
-21779
92759
-30869
72407
-10723
16966
79865
-12483
-58549
64765
86771
37827
-76681
-99068
18880
1116
10164
48669
90033
-5978
-34259
-96437
69528
-35291
48116
90209
-97865
-56948
-63302
-68543
-12066
70097
-79791
77551
2875
-31874
84734
-9971
-70485
-5383
98019
75277
-30814
74143
-69126
2690
76054
-51631
-87181
-57930
47096
53850
-70890
55519
-94053
-95973
73844
-3593
73629
-17644
-51355
60846
-50609
66947
-71826
91399
-42841
-65271
-2503
-86996
-34299
-55047
-103
-93417
37840
1892
45955
87996
-95115
-71225
-60062
95188
69354
-48133
-15426
38870
-66636
98327
-41312
74430
40378
77425
-2109
-96179
-71574
-12088
87217
64796
-36129
17199
-34858
58825
-99884
-59959
-36388
17185
-82986
94141
-83260
-64532
-90242
16578
-30883
46708
-30816
-94947
-46130
-75233
-4963
52158
97963
-18966
25842
71448
68614
3622
-91197
53297
-74514
-79242
89966
-20446
-32461
-46013
-56473
42868
94471
57483
19276
63658
81240
34085
-68230
-22332
-11486
56218
77974
-72702
16184
32619
33471
-3839
99396
-59019
-47194
-91290
34691
-79460
63117
59597
69023
40738
-74702
88257
8868
7302
53216
-12927
-14674
-29632
28722
-92216
-95301
-36330
-61302
-93480
-5192
-92764
-99435
-1451
68164
72997
-17727
87602
-31820
-82987
-62881
23189
-71827
-67237
-2794
-12126
34295
-88885
-28351
-93358
40135
-23401
-45503
24929
7503
-39459
-68572
60646
74784
34243
19387
-7813
-79262
-54070
18524
21216
23670
20543
52716
9138
97820
55844
-6700
47479
94159
-10866
-53921
2224
18558
79661
-9002
75649
82098
-68313
-24005
17865
10331
56846
69979
-52251
-49894
-3592
68565
-73309
-75708
89269
-34896
24376
70187
95191
16003
6056
19661
43987
-5846
-18995
-17444
-80097
52137
-4720
-83716
-29071
-6506
50638
-4670
-52383
-91205
-43724
4757
17077
-73176
94693
27595
-31574
-35314
-34993
-48982
-92798
59238
33648
27001
-12891
-38671
-65489
-20838
79069
30378
22313
-6901
-1094
-82859
-85347
-86017
24639
90196
51622
-72446
95362
5187
66429
-71418
-75544
30998
20894
91811
32243
-70114
-87911
-48226
73135
59078
-74697
89502
-77856
-14204
-26133
-56458
-19751
64780
-35593
-25805
-93524
-44448
92842
11416
29934
-41498
-13104
69097
3949
78700
-41305
74534
-98231
65009
-96342
-37076
71139
-88194
86347
51271
60611
-49690
59122
-48788
2929
-32835
50695
34954
51560
52899
30870
-46728
72835
26781
83148
-40889
-83605
49713
-51250
-1231
-30578
39363
-30194
96785
12282
-92369
35281
-47411
-2565
17560
-5663
29352
78422
-33846
-21910
-83125
66810
-88999
41286
-86905
84830
13875
6930
75718
32528
4704
-39794
-35570
54036
-79939
28494
-73912
97039
90065
-64152
92677
18869
-13577
-76978
-79977
61566
47019
49887
50413
32303
93588
-22232
-8008
99914
97135
-64871
-32418
-23037
-72213
-2816
97998
-71541
97321
39515
-96500
-84170
-82960
87160
36401
74498
29167
-49035
79155
59355
-9563
40471
-14370
1372
-33069
-94558
70853
-54012
-20787
-45073
18816
10723
72412
-12454
-25836
71089
-84993
93863
4826
-68194
17818
-39335
-47633
63623
-12200
1668
-90641
-87092
-13689
-75987
70966
74503
-38195
1038
-45936
81181
66889
74491
-68463
-59513
-73094
60235
-72754
-25142
-88160
-35049
31586
22261
-46218
85971
-67372
-68603
28361
-13119
-28211
-35064
96117
44894
-14245
91537
-54776
79009
9114
-54744
-2201
-85620
4132
-45833
84869
87441
99642
-53198
-60445
-77402
-31349
-87279
-17676
37483
65370
-12222
96392
51286
-87611
-52289
11308
-93635
-8137
81146
-75657
-75393
36242
-43875
-73937
12206
-63515
-4997
-61909
52347
-48859
-37785
-85405
88316
74544
60280
15333
80608
-71855
43639
-28984
-96054
61874
22323
-17443
8571
62276
78377
73987
31366
-20738
-80781
83064
42266
32255
-24761
-69508
99670
-49753
-77623
-19409
65874
-78898
52467
18409
68510
-8818
-23326
69883
50748
10539
57527
93008
52185
8463
-87548
32638
59869
-69553
3546
92291
-78337
-35972
-25095
89362
29986
29294
-20356
20331
20786
-11934
-14599
-39031
-11795
-17390
-86076
-27136
83901
18834
-22615
99457
90435
21564
-35520
13000
98176
26931
3969
11233
-97596
-55805
-10227
-25146
42858
-19576
-50010
3988
76211
48127
-91607
-18843
-85067
-10583
7026
-47919
-78830
69692
-40439
91258
-32584
64602
-33805
-41972
30350
59916
-42242
99983
-14150
-30013
97491
87215
-39713
-21046
-24511
-88936
65458
98195
-67088
-13492
-21672
-23698
92549
-44710
-99964
91527
14588
-62690
-14593
-86380
37930
-21042
-71777
45120
52360
22085
45170
-35087
-40310
83271
-14601
7869
28753
-44585
93934
64872
77414
89630
53391
49781
-27413
-23442
-49145
-75412
-96246
-15883
-33982
6212
90145
3952
37997
9169
-13151
51196
82777
66577
99124
49395
-75750
16196
-51317
-98640
-85551
-17720
-57100
-77685
-22720
4251
-3014
-39354
44638
31008
-26320
52248
-4506
-87275
-8794
97163
79757
-14324
92293
99974
-52486
24158
-60545
-48319
-8927
-59454
35659
-89925
81341
-25418
11215
-22830
32481
-82845
-98108
15699
-75862
49662
5816
-64112
-53814
-90337
81018
-3419
-37795
-7532
-64191
-58559
-62774
-21351
-38135
42358
-54401
-33983
5431
-6473
-92885
-91398
21858
56306
-80186
-65441
88931
30569
37738
-22100
6341
-62697
-29759
-63704
29762
91748
-64864
37016
-8115
-30374
-14117
-7165
16613
39098
-57892
8998
-8638
2113
-82000
94863
-23333
-85511
75204
-34720
55479
-53216
62905
-71296
25078
16750
-45273
90294
84452
-24026
-11924
66836
-4859
-9603
-88041
-12012
93355
18241
-79807
49717
-3387
-69611
-40151
-51027
-55015
-40560
81728
76219
-18513
72148
45730
75868
-7229
-73615
46067
-20672
43488
52545
-73032
44119
91705
-91246
34043
-38675
94648
63132
85605
10138
16264
73364
17726
87309
87479
-35719
21712
-22061
-60719
56645
-90589
-51863
38958
35566
45462
32504
-6376
-35642
1633
-95861
24946
-61736
-4727
83434
-85622
41709
27771
-99625
57104
33882
-61581
-83161
93464
-1396
-46271
37803
-63363
50159
-69753
14308
-18234
38957
-70620
-11612
87913
68317
6509
32191
-32143
-2514
-59116
71727
-40430
20295
-26050
38358
-40628
86381
58047
33712
-34962
-58770
-24658
72274
-26742
52093
-22078
-97069
-48304
14612
-65088
-83756
55801
-10662
3895
-50960
-30216
-25180
28605
-73845
10487
-41948
2874
44215
-55467
57760
-79912
35183
-47379
8156
-46100
-37719
-21163
-91610
69657
534
-74100
-58680
5201
46951
54861
40850
-37164
12787
56295
-93124
-94356
-36863
-92502
42728
-4457
-58858
-95417
-92600
-72132
45009
36656
-24432
91935
-64503
-95132
33771
-38630
-96206
-91369
-16897
-4880
-5807
5442
-84953
74463
94178
10012
78048
41571
-16542
65872
-55367
-98968
47477
-7503
55367
-79130
-49730
-38156
2956
-18339
99364
-59340
-33671
-93612
51786
-59418
30029
3582
52256
-6292
-82692
-64348
-13152
39002
-85061
93432
-81778
-20543
-40508
-34280
53924
74095
4420
32750
2148
78055
-42065
-34392
-65799
5708
-69892
94207
-6841
41625
3285
-50105
-74510
-88459
28786
72130
50846
-50637
-35427
70802
37188
46295
-13274
-4047
33396
70653
31092
66232
3387
-40684
73655
30411
85124
-56475
66810
-42217
99601
-90528
28913
76392
35385
55189
65728
41596
-8817
93131
-51482
-26527
-37287
84293
86306
-24708
-73368
91493
93605
-43393
17423
52037
58788
-37333
69364
73445
93471
-12924
38196
99734
95103
-28279
57426
-72159
96485
20415
8757
91658
21526
-20726
95
-93402
84716
-20076
-812
-52776
-69948
-85894
-23652
-75937
4734
61454
41472
-68725
81684
-81585
-64602
87059
-52842
38965
-79796
81073
-35574
-38130
-61629
-3597
75568
-91239
79892
-37441
-46185
7403
-98743
-85773
27993
49506
-40752
99311
1092
96737
54338
-35132
-19626
-65048
-58195
-92126
-4093
93584
-36548
-57947
28818
-44405
-2700
-43758
-50191
12858
1197
-68108
-41989
-41991
-96856
-39581
60082
-76237
-99354
-55192
-75296
7825
11819
-58486
-45122
-4356
65077
62297
68288
437
-85535
-90836
18072
-58639
92605
-444
50569
44760
-6731
99551
-23873
-63611
54671
-37878
-95738
81814
61992
-28422
-24906
8795
21235
-57739
6341
76676
-76462
-85176
-26962
80567
-61137
95201
-30702
54958
-93276
53029
-5789
66934
-62083
-30809
95277
5216
85686
-69739
-17316
19338
23589
36090
21754
-11748
-46402
-74556
-120
-78922
-95012
-59970
35560
65429
-57875
95006
-76030
-64220
78728
42069
1938
-10948
46717
-30706
38720
-63971
-50850
-71616
-91797
40668
15001
24810
-77005
95584
-98360
-96865
65055
-48418
34252
-33975
-59996
-248
-2478
94328
31659
-79815
49516
45408
50637
-29540
15272
-71617
-58434
-59381
238
-31091
29149
1970
-29557
50366
6582
-22790
-53288
-52923
87962
57450
77259
2763
6792
-37877
-4488
-78293
53474
76728
46160
11194
-44141
-67719
-82949
92686
40963
68564
-76229
71914
-68977
92516
-90882
78912
-10468
59268
94778
-37554
-21269
92439
-26241
83387
33838
-69546
-81935
-54664
9186
53197
38658
-66664
19074
-88249
53339
-65533
-36760
-43954
-36080
47997
-37288
50967
-21618
8122
25668
-56131
-80654
86847
54490
-58358
75869
52120
-30278
54470
51271
-21442
1688
-10416
-93157
-12794
-1365
68057
-33926
-24711
9513
-41858
-68667
87977
98631
72337
76201
24372
92960
96839
1449
21860
-22670
99182
39798
20123
-22341
73961
95413
46793
8441
-7467
51202
99867
19002
-7814
62406
-90206
-44729
-55383
-46892
98165
13651
346
64689
-78012
-9972
40985
20992
36013
-79327
-56797
-87769
79550
78162
-78379
-29896
-54138
-57275
2981
14682
16277
17459
-27588
18876
9974
12240
-42565
-36780
30862
-42319
-78741
-67798
67634
-96685
26304
55668
-90364
52846
79295
-99917
23995
71528
-12444
-78456
-17329
9534
40651
22124
-49086
97622
-72116
-98809
50515
-69102
46875
-17483
69852
64239
-52051
-84876
58625
16503
6217
59242
-75948
-34649
-84641
62943
-50151
-62093
21136
10002
-13729
-8785
-9296
70451
-58866
85872
30908
25732
37074
54873
8239
3137
72942
-43383
8830
64151
36729
-20057
27292
-86852
55199
36490
-41941
-32293
-11616
-52193
-56429
12442
42740
-29115
-41384
-78049
498
-73148
-46022
-68638
-93376
21927
-58982
-7263
89378
53127
58679
-929
48193
19968
87233
23052
90991
43577
92702
-41719
2260
-86136
-42899
33513
42999
-51567
89879
-76231
40992
1905
33393
-92770
18876
-12521
-95969
97235
54455
-98442
-79247
-8969
36843
56693
64237
-24046
-81808
-97451
68791
-25067
71367
70090
-5379
73263
-22675
9242
64545
-83004
-25343
-56946
-61786
-54736
70313
52177
54144
-52710
-89846
76962
24076
14621
57435
24202
8463
-85468
-1992
-22881
-61104
-98952
-25808
-36305
43907
-70609
-84594
-22557
25842
41042
-76092
-20093
-87204
-25624
25987
87908
65725
-53864
-60059
4380
-75696
3005
69292
-49636
-25450
63115
-65816
-81364
-43156
81421
-28274
77667
21083
-47669
-74988
30100
82801
80244
-78820
-88450
-44792
67599
24331
-81944
97917
-96021
3275
-29504
-9336
83942
7000
-38119
53697
80318
34702
-78802
-53670
40871
-42726
-80331
98466
91026
-55052
70167
-26682
12781
-30145
-67000
88108
35332
-49738
77703
-79945
58763
-50468
-22550
-5004
-2360
68012
10865
50941
57383
34026
12387
-91618
86648
92971
45656
85319
-89884
20182
18534
-39663
71676
71003
91040
-58021
-28490
93263
33368
-23575
64064
-8396
53353
67539
-31606
-62990
7111
-8808
41640
4886
-68568
93121
29650
84343
-6503
-37638
-43980
46798
-12625
42534
-21147
-86968
-13327
-56243
53430
86035
30451
-89454
32399
85627
73795
-560
64771
22139
-28613
85049
84764
11797
62998
23690
-41353
-76826
54626
-25286
-40523
99011
2522
-77198
-16337
1134
-36251
69681
-38621
-57333
66048
9196
8069
-52632
10680
-44492
-80521
-86206
41452
77780
44165
74326
-93522
-67624
11552
30476
-70628
-29077
-58229
9945
-29302
-10296
-2243
-4422
-59074
-38382
46242
-52520
-79212
37255
-82998
-1072
-41519
39267
63789
45800
-69372
7530
-21874
98250
81421
88660
7322
65615
-6738
-60811
24988
39898
-67237
72265
31160
48293
81349
-40460
-38251
91458
-45261
-86945
-46645
29079
-83208
37082
82602
51240
80069
-92487
-10686
-506
81440
-23759
63512
30682
-109
-26148
77027
72174
-49337
-377
-80552
81479
-85807
28192
52545
-82229
-59398
-16107
58402
44302
82793
21818
20386
-987
-21330
17449
-31932
-54443
58167
37058
-99729
13145
-11387
-95139
48811
-4288
-25963
-15292
-39992
-18857
-66237
2061
85363
74503
-44591
66003
44231
-33011
58430
23684
-71795
80959
-57294
-63010
88720
47551
-73815
-82758
35213
17335
7982
-70954
43993
-47814
-39757
-85645
-34451
74756
-80882
72993
37087
-11261
82426
34262
4276
-28664
-19904
-6506
29217
-38755
-5786
-1196
32065
-95129
65718
-89055
-3854
-84049
-75617
79201
-61208
-10255
4757
31216
95438
37554
-23422
-59943
34264
51967
35618
23060
-5400
-62152
-53702
-36916
-84388
22868
91462
-14208
21983
-39679
78961
-38271
51653
11317
95564
-83584
2697
-5958
4013
-82811
-52067
-47204
7769
34278
-27342
70768
-55255
80015
-22666
46257
-10218
-45903
38659
-91647
86482
67917
-47818
64754
-85729
67478
-6357
-22429
-5936
-96560
-36621
80023
-15518
82331
37605
-78969
-99535
19909
-28194
-34695
-76942
22915
-50629
-31696
-40622
22717
22450
53764
22996
-14351
-8494
-93343
56816
-4902
-92245
-46781
61709
-23408
-345
-195
-53591
-74420
-74204
-55376
-67110
-23809
-45198
-77546
44674
30465
42087
65114
-53301
-2534
-5071
-44209
82658
74994
-60625
46826
-22838
-14809
-21118
71808
60282
18337
-34280
85162
99473
-73077
5351
33273
98816
-94008
-29820
-31572
-63642
-27123
27829
-97962
92000
68066
-5776
73408
38705
-67649
-95242
-78444
-85354
-33336
92311
6361
32127
-91899
41876
-31680
-86835
-4976
74831
75264
-2958
-99546
65967
37371
-67728
81315
-67659
-57773
-84738
-68114
74961
-78090
54185
-55429
20988
10576
-64611
30627
-66784
-46380
-23658
-30170
-49598
-4199
92908
6968
-37259
-13610
67295
13232
92662
-84695
-17268
-13842
-3584
31
42588
-43591
50245
27847
-76163
28941
37443
-80785
-38888
-84570
89052
70415
-72726
-86132
-28116
36381
33145
-6152
-86178
62782
12209
-96197
12909
-42691
87175
38253
-10440
1441
-16617
-68133
45021
33263
17339
75153
30967
5723
35126
66539
79118
52390
24190
-39897
32805
94073
-37002
-24777
28176
-47843
-98385
-912
27931
-75710
93595
-22871
21232
-60949
44395
-43391
48831
69981
-9256
64329
-93395
-12812
-67668
64776
55007
-44101
48258
-53658
-18220
-17532
37515
80667
80363
-73967
-20807
32331
-87086
78563
81332
71635
91607
-5914
-67715
-57507
-80741
-947
-24225
87312
-10179
-34966
54755
70602
-84650
-49810
31752
-20361
79560
-58094
-84224
-67415
53882
58288
26480
-39381
-1121
-42134
52763
-41287
34018
-48391
10924
-87803
56577
-76173
69948
-68266
29959
34682
-42241
-24772
42186
-40387
74434
-13753
-18635
-73813
-8140
13047
30178
-11568
5846
60432
80909
37604
-60455
64867
54184
55332
47845
83469
86939
-75922
-33844
-16161
98097
-75661
-44602
89921
35862
-12460
-73062
-25183
82199
-16077
-96478
-71698
-91034
-86581
-97404
-5678
-86026
-21847
36684
-31004
-47677
15230
-30170
-12432
77189
29778
-63574
16453
-39015
-93234
-69874
18307
86575
-58044
43209
-12313
1753
84334
1138
2962
-49105
70042
70253
-14248
95869
47759
-39060
-6024
-37244
1535
-37453
88811
3207
-12522
-37115
31678
34960
-56263
-68740
86696
-62941
-53618
29429
68380
-4893
58939
28290
48050
14473
23315
-93252
-81008
-76078
33482
33225
53544
69421
-45452
-48843
-44252
-42638
-31466
-74263
93230
7350
68487
5910
-97815
-5898
-6564
-22611
90025
37728
-42135
-3157
38760
33536
88761
-85811
21449
92100
67092
-66378
24492
-61844
89552
-79043
-67568
-21627
-88025
-58223
34299
-52928
43991
-88936
90768
-35429
25287
77927
75854
4373
69093
-60936
20002
-65745
91598
80454
-89107
16513
-77906
-15621
-30113
-64365
97035
-60697
19336
4104
61979
-70349
49579
83187
-95323
16725
49728
1911
-53747
95166
-75563
-25313
54799
-7673
72434
-41027
19822
7315
-42972
1435
-83005
-44850
75607
30196
-43270
21543
60561
97674
-69640
-4856
65582
-81618
-11341
-65126
-47225
97909
-6552
-48978
-23624
79512
-36347
62173
-33801
60976
-32774
-28910
-76455
505
50202
-92894
-55921
97288
-72270
97265
-5165
-63064
-27163
-65611
-43169
14205
-53485
-18920
-31923
19785
-12296
75280
-62820
97401
54508
14062
8485
-99037
92639
58597
-1368
-24800
29412
74688
25152
-51589
-13799
-13966
-61424
13698
-87977
58131
86988
-28813
6664
23857
44339
-98500
-35005
43777
91107
-73234
-73995
8378
-6681
66015
-46786
2162
-57536
67664
-70
-42541
-132
-47835
46780
-62436
-11134
-46398
7122
-20742
56667
40689
46196
-55487
-52568
-2769
68166
-3970
-25802
63248
4068
-74323
9724
15273
-19353
-89825
32742
-22164
-42039
-46760
64362
27400
16629
6025
81761
12788
-93446
12932
-92105
-19511
-60836
76021
34068
-98318
-55293
68845
-32324
-48113
50157
-90661
1697
-68947
94432
-70415
54155
65983
-9431
33121
5111
-74649
-20817
61232
97623
3589
-43985
-35936
11258
-77254
7479
56497
-84568
92668
93630
-10562
38493
-11539
52827
78198
97626
20609
-19164
-12771
65992
-28316
85391
66876
79720
-79790
-61164
-32383
-80340
56324
-67583
-83929
74858
27430
1033
-10192
72503
-80054
-97781
-18429
-77772
-12587
19496
-52713
-40701
50898
33420
64799
8305
-25054
-68305
-13539
57601
-78149
92499
88863
-91385
40566
84892
92525
-94971
-29938
-38716
76038
-73132
97568
-272
-64470
-51454
-71494
23475
-12923
-38859
51234
-72820
45225
56707
-26094
74488
8495
-82744
13096
-44692
-6244
-92271
-94995
31184
-63113
-68234
-63328
-67121
-16326
-17784
35259
-35561
-32688
38096
74470
17800
-57971
22259
207
-54301
90263
28136
-63686
35408
43651
56220
85196
-30990
-77088
-90663
-4726
53893
-23290
-19993
-4729
-96183
9726
-93842
23030
-96491
37854
13484
35724
-93510
-17914
16221
-89263
-71576
35320
42426
83240
6080
85832
88198
88453
-27961
45539
40882
16139
-61042
90356
73829
99711
41414
3561
-32145
21412
22226
3858
95838
21057
87907
-30611
-91906
-93729
84233
25984
-67364
-65007
-20704
-46986
-59342
-43502
-5868
-2330
-92839
-58700
37634
7887
25313
-77372
-92367
-26336
-98411
-29336
11266
-13035
-79935
10675
65588
92396
61935
94450
-89478
8369
-1716
28380
-60321
-72868
-67005
-17790
97295
-95032
50675
12701
8045
-73550
-10344
-82340
-72360
-96883
-94962
47300
50340
-2784
-93884
-76823
63937
-57990
-1053
-73067
-45717
13062
-27041
-44879
-60549
-23958
-98506
15762
95756
-67713
-90878
-64120
851
58484
80665
-90353
-67964
-55621
30830
26464
81918
40826
52329
2523
-82021
67331
76589
88847
-75602
-37940
-23876
55389
-98834
30245
-72422
-57793
-26361
-94924
-84027
23825
25495
5878
4412
-89340
-81266
-74104
-21547
26793
-27166
-38673
-9238
-86703
-83826
85044
86281
16904
52951
-59738
-26904
-40291
74766
99733
-89858
-33743
-55360
54426
-52921
-85029
20090
-35372
18139
86572
53670
59713
-47762
51683
-90054
90175
-46175
23235
-76094
-20178
47900
87777
-415
89857
1816
-89161
-3803
76242
-72754
-34317
-96965
-4969
-51520
-76795
-77345
10472
-78719
37769
88629
-83403
-91262
-65767
-66854
56803
-20878
47014
23801
-44251
-74647
-62598
-11727
-62535
43180
-7331
32171
-64478
-34678
24258
-56577
-68379
53038
-13530
85136
-98392
81124
-74173
54507
-98432
48283
-89678
9679
59337
83982
66617
99324
-17052
6257
792
54494
26838
17736
-65893
74762
6813
90986
-88456
47200
-89981
-95746
-32227
-64517
10773
83670
34080
96277
-44894
-54203
65044
-70748
-44510
65127
-95323
-67734
52584
64190
32601
-80386
-23409
-60105
67836
-61685
-33696
85979
-25948
-93216
-44298
88814
-39715
52583
28566
30887
-21222
-5287
-3120
-27418
67326
23425
-61653
3076
-79236
8757
12669
-81440
11245
91232
-43311
59831
81832
-43159
-68826
3930
3509
98474
-63694
26991
6356
68756
2576
20885
91017
12762
-32938
29506
-22320
94212
99786
24500
-52142
-43363
86988
77643
47215
38020
45943
-46446
-84148
33004
22012
-29927
-10676
-5770
96802
-4596
85769
-19741
-1015
81163
-79193
51764
56508
24722
-84800
53464
-46196
10129
-90190
67286
-70646
-35767
-77703
-99353
-15156
-2975
61010
-56648
4688
-30485
78293
81074
52469
-16359
79388
-22745
-49035
30698
8270
-50928
-61012
31967
-31939
-88636
22953
-86137
-82587
52710
69067
14037
87379
33232
-13710
6435
-6404
23564
-3120
-77994
64528
30998
36694
-73551
-74843
-33962
60852
-93969
-26048
8789
-52319
24043
59264
11480
-93005
-30499
46179
-57290
-28487
12227
-98784
3632
-65665
85597
957
-7360
-29095
-15227
-65263
68761
30874
-77800
37523
-67147
61261
78391
-9963
-92669
91926
42407
12449
9632
82003
53842
6184
-63951
67413
-74933
-15573
-36204
-77452
-13067
-75888
40050
-14429
-6154
-88025
51734
-64801
-10539
-87961
10060
-70736
-90607
-8245
5826
38106
26724
-24699
31659
82952
-66434
20349
34087
-34862
49619
-72740
13498
-36725
-49895
-62976
-93461
-11228
70657
63771
-57735
-14360
-17840
-80901
72074
26780
-59753
-40574
27714
-36100
17486
92989
6476
95074
-95105
69049
-97596
51312
-17173
-20205
-29743
54962
60829
98597
86014
-35849
18649
67642
49103
-83786
86785
-77011
-87369
-3974
-39198
5283
-1713
79438
-87971
-6169
80170
8693
-81071
12879
-43487
-46240
31175
27566
-73788
91592
65938
76925
54555
52459
-33832
-35657
74161
10903
-53547
-99565
4880
-87360
30090
-90500
-7724
64592
55089
-52321
-33077
17849
-54348
54630
-46613
55379
48270
96138
-75679
22420
-44017
55179
-29593
55204
-6601
-23314
-10015
86250
-17583
-20689
20887
83910
2156
82368
30510
54780
432
-48447
-8733
50736
40051
5146
-75948
-11801
91616
-16065
-26890
-87965
71083
53731
-16934
-54627
95438
-94561
3311
32345
-52981
-82331
-47688
-28279
-20517
-84901
79517
-93634
62962
52562
68778
834
-62768
49404
-29611
-66367
-63133
-43028
85867
-29949
-98331
-59101
74665
-39598
-88966
21971
-79647
-70578
-66671
-96276
2183
-39316
-925
46129
24789
21271
-24550
46815
73296
1317
11467
-18213
-64542
76536
-17513
-70080
-85069
-62030
-52626
21598
10006
-4003
-57487
32500
-76745
-93914
-89274
-13036
-25994
-96755
-34644
21359
89634
72860
77267
21492
-88302
91870
53358
68396
-62494
-92528
61305
89447
-69511
-36112
-76715
61321
36318
-15059
28463
39024
-57653
18099
-41185
75861
-67568
24298
-91777
-39009
39063
-35108
24181
-68129
-90546
49860
-36132
71160
3743
-68511
83019
44885
-19032
-81558
-68594
-12044
22493
65737
-19220
-97753
-62362
-69904
-29430
-35492
21489
19080
33567
-23855
-24260
50548
-83024
-29055
-47964
-20686
-37487
-72769
-17796
68404
-16052
-50015
-20203
72118
45106
-52346
-96423
-69096
46
-85205
-14626
80694
-57119
74347
-92124
38924
9835
64124
-33007
13619
-43702
15285
-9412
-84091
-58494
-34704
-94584
15135
90795
26193
-11381
-24258
-80535
7328
-63154
-60388
61491
-98657
-95263
-15364
46458
37792
86780
1413
25955
-13853
75585
-68501
18650
37484
-49702
60788
-25100
19141
9529
55868
75975
30044
79374
21908
-33103
25769
-55416
49433
73672
98200
-70634
-950
52953
-41942
85111
59202
39740
-20042
-72925
-7274
-32536
-61980
71928
-13085
57222
38976
49743
76621
64534
-93383
95910
-23710
-4453
10891
35351
-96736
51700
-4527
15624
-44179
-31290
8491
-50949
-549
36398
24320
65347
-66782
-18432
-41594
-83773
-62210
-5890
86379
-37994
53026
62892
47335
40434
18782
58487
51542
-54172
85732
20416
30528
-2057
-24539
43491
76267
95227
-70910
-12641
-34163
-50865
-58615
65161
-69800
53219
84631
3066
66573
67465
-17397
48583
5585
68193
-73064
-68100
85760
-88665
-91296
-43475
-36906
47623
22989
97030
-54589
-93509
-28924
87167
-57089
88522
95125
-87476
-51585
-72368
-40386
49979
-54126
-43662
55896
-71102
68422
76397
-10681
-95994
88867
-23291
-23998
86218
99520
-800
83170
8013
-35423
-77619
61083
-59590
8753
36715
22573
70031
80851
-32007
27370
48592
-21124
-30381
40752
4676
34589
11403
-88918
25601
40870
14387
13049
73746
57358
77193
-73968
-3998
-99946
37998
80745
18482
43114
24788
-13360
64623
97705
83470
-24809
53192
-71774
73972
2060
90301
-24843
-62269
-71025
-13313
-91822
59587
10306
-87325
-93186
76460
-10738
14829
52637
-80420
69274
75510
62728
-90404
98127
-80912
-29926
63044
60445
-12903
-93367
-20147
76306
-44271
25942
-53568
-31550
-54106
-7121
43822
-34297
-45178
-12051
60773
-82041
34674
86229
81797
-30003
-43328
45356
35835
-30565
-21670
89389
-5329
56626
93320
-5642
-75429
40250
47369
49891
-70435
-57620
-12614
45455
-75758
-84204
-77693
-40422
-14414
-20881
64795
43615
-27032
95059
25195
79468
43038
28627
-34298
19920
98537
-38222
49733
23505
-94487
-49747
56558
-58271
-37357
97263
20832
-7890
-54945
-98302
47972
-27052
87565
53542
74049
-11687
-73766
-43973
31423
-12294
68848
-33947
31936
-66850
-27310
-90972
39279
80646
-82279
-64537
-10093
98276
50042
42401
44762
-47723
-27242
-84800
-6830
-44980
-55150
11903
44690
12345
66992
92188
-34513
-50746
6912
2769
-42254
7351
-73973
48258
80508
92544
9999
-20670
34726
-85051
-39141
-77525
62085
-20993
-10341
94234
58862
39487
16425
-63081
-27023
-24651
62719
39916
-21832
-44129
61952
-70945
-15567
1491
79902
96850
-87802
21802
67873
-9571
-13768
18619
-67077
-17703
85507
72928
-74124
-1507
20595
58870
47731
85697
53300
22120
-64239
-75160
39146
77539
73293
41699
-40544
-89037
-80873
-28199
59414
46181
-45888
19599
-9596
-60792
78654
-10785
-67948
41221
-2625
-50889
11535
54885
27299
-76595
-53800
-82946
-53910
-76511
89481
-50831
86399
95239
-64973
-59205
76262
-98083
-10906
63752
-92430
-67127
63814
-5952
38528
50568
28207
-81086
22030
49467
45101
97089
13325
-35590
-39101
-13565
-21785
-74008
31947
54466
-75792
-52226
-28831
81491
85259
67769
97216
-69559
84996
12410
57352
75932
78024
-25826
-74108
89003
-26086
-86528
84824
79090
23917
-83344
80997
-55938
52438
41164
-75109
-73676
51080
-48965
-43655
52049
74905
29442
5554
59057
53015
-60694
8865
-73066
35641
84380
95989
-68002
-295
69259
-56055
98805
64170
-41867
58512
64427
-13920
22777
-24915
-43542
86359
-95111
79697
43394
27405
63004
27319
43263
-55591
97198
1950
-5315
-53013
24973
85876
20014
-1893
-43074
-3001
-85199
-78428
3869
99357
85665
88178
-69896
76154
29366
7504
-78732
25883
-75075
82836
82931
-84493
-12819
-76233
40962
-81367
94911
-66283
97115
-379
-27969
-79508
-18641
92473
65624
-39690
-95459
63297
-47480
38964
-58923
35849
-91144
60018
-14444
3217
28187
87637
57372
35025
72213
-3834
-21355
-82294
-16507
-14483
83883
2092
-75669
-67216
-98334
97057
-84476
22189
52324
45792
28721
23744
87828
-75070
42502
77432
-694
-80114
10916
-29520
-23448
68615
43526
26232
-48037
-18447
47266
56153
-48591
44919
12418
60313
73155
38563
-30070
85658
-79251
29825
72532
-52977
55347
-6838
-64191
-62406
-53361
97082
-44280
81699
-47184
30229
-6181
-80834
60624
-22674
-9646
-48581
75925
35590
12094
-20601
-4990
-93451
-6175
-61975
-216
-13283
40584
-71236
-76000
-4404
76652
12671
39949
-13619
31406
-39218
56780
63321
-66590
-13442
52608
-46487
57433
-64684
2913
-48224
-64183
25294
8456
34829
-77545
77828
-19213
84798
-30925
33194
98681
89606
-42319
-50283
-61379
-51866
-95879
-88447
-93136
17775
40128
-27278
15630
-80617
55414
-92437
65494
-6028
56428
66302
48522
95456
13578
-63989
24133
-85555
21819
-4867
-1296
56678
-95118
16159
38386
-44341
-81629
-59144
21797
77172
52253
21022
-62
52384
20829
-99539
-40955
8337
-23535
-42652
27470
15709
-26176
-81279
19992
-13331
32465
-48251
90341
73837
61959
-62347
50634
27135
44827
-65862
-66887
85916
-30743
-80998
-94025
72896
26468
-97003
-20530
-99761
77632
-71866
36325
65093
58605
78489
-94125
9980
24467
89851
-32622
-79519
-96782
53819
87980
43242
78408
-2228
-4158
26907
25275
-28261
-56407
-15568
54986
46230
-80147
16424
-57851
-43893
97463
13501
99969
99241
-74546
71909
6302
71371
92412
21017
-58604
-24876
-71048
-49338
78754
85985
9927
-22268
-57735
38207
51093
74712
-76066
-35430
-95258
-92460
-88574
-75006
-48447
10943
-52199
-82654
56312
-73949
-34606
-99308
-46782
-39324
42862
3306
62610
-19526
-38653
1925
-48043
-32057
99719
-17778
42505
-94491
-84685
-29208
-51026
73171
-80184
-20103
-4002
-14337
-19929
83837
12661
-98429
78871
-8058
-46603
24218
10362
95198
12196
72086
79705
-84838
87524
96302
34141
-95667
-26105
82658
43808
-35599
52945
55310
-9151
-99741
-87938
-69670
-75777
-28668
-51438
12536
54675
26853
-51654
31043
83349
-87278
64405
82841
25689
-8724
33375
-99945
12479
65786
29326
-85712
-54608
-90706
12981
-63487
-32199
-71196
99965
-82147
-69946
-31058
-84480
-57304
60643
-33186
24928
-6969
-25508
-41700
14397
-5906
29675
68984
77498
32928
58732
-51974
30381
-86409
-80780
34629
21275
-44808
-63375
-30034
-2310
89350
8415
-9030
90883
-43579
-9609
26844
86728
3777
-86214
-53996
15262
81729
-17806
34043
-9374
-95486
72180
1538
59700
39130
20272
40556
88580
-32264
42344
-64801
-78814
-25705
-97331
44352
43272
-93485
64217
15699
50643
-46648
-99109
25764
-47782
46624
35833
-30633
55969
-73272
-50647
11453
-26135
-6114
80623
45744
-39732
48543
-28976
21803
-67235
-33209
-86568
-22309
17901
63239
67802
-34170
39800
26834
26255
-79148
-79765
57183
11859
-96347
72492
-54729
9587
-86360
-31531
73078
93639
-5920
-43190
80665
23543
98060
7356
-47055
88691
51381
-85265
84570
-63789
-70859
62923
-86285
90188
97693
49501
23707
87084
43005
-96454
-60688
-16520
66924
-53627
98834
22331
55824
-44237
-46446
-80059
33192
71346
31838
-70188
-16948
-54479
59909
-18416
70293
-51434
33938
50227
96396
73051
-24017
-84053
69765
4226
31240
87319
7072
-73778
1249
-87279
-41683
55157
69390
79612
50993
66639
65187
67949
-96466
-64834
-92530
-34443
-53859
21465
-84621
50287
6996
-94943
-2415
-24385
19849
9307
68442
-91926
-78400
88229
-9900
62322
77745
-27062
55228
86992
32852
5408
-63909
40647
72581
15851
6326
-24940
-12799
24793
25426
-72688
61949
-13050
-12298
82229
-36144
70124
-59400
-90727
-57672
-46432
4250
25086
-31176
73156
-30692
-39409
-4773
59089
-5143
-52527
29187
94811
10372
90718
94097
39366
-29861
-8306
44752
995
-44201
95325
-5063
22617
-9295
70956
39823
-67424
84894
-96663
-55465
-3739
-89390
-30047
-35331
32953
-14549
69230
-49932
67399
-29913
-10435
80252
-14955
17338
93023
86484
98067
-23147
-66001
-3731
16410
-73919
-22007
11743
-80354
-49300
67355
19416
87834
15072
77232
93364
88032
98818
-49467
-1336
15865
1225
-81402
89782
50087
-7726
-58395
-43747
-38854
-37118
64402
78876
-75273
-61214
-62697
-78267
-19037
83843
-49320
22664
-21159
2230
-91346
67051
-87400
-4204
91200
-29299
-75312
-51584
90419
89671
78469
62248
-97334
41551
-34261
-6865
-24499
-35568
58947
14502
98067
53999
-1631
-49456
48332
89142
15584
80172
-58716
46265
98339
-25242
97769
-24920
-18008
-46646
40770
-94633
-89853
-44609
-21408
-40770
97298
-95350
57600
55967
58633
-50667
-11838
66183
89115
76621
75723
77332
2495
-52270
23140
-78986
99974
12085
28876
-66729
44240
-57764
74472
-35995
-95498
-5792
-17882
-21902
29834
36902
57156
88566
-83340
-8164
-25623
-55654
-7320
20796
25079
-53872
-96430
-7208
56157
-4890
23179
-4941
-88899
6972
-16091
39653
-81958
99888
-48907
81387
39219
-40061
-95971
-5230
27906
90442
-82482
-40579
-65137
-97830
-3722
-71913
10445
15486
58817
-35197
53792
16073
-18013
-44006
77186
34430
-99391
-26309
22866
1183
-95920
-33675
80453
-61602
43618
-80084
56835
38821
-42564
-64178
-47517
-65790
94252
72988
-99580
17552
-96568
-99036
-83116
-2354
-95281
30245
-60617
82808
2594
72458
-56136
-58756
46601
-87027
-11625
37354
-29469
21882
-63109
64977
-75859
61538
-94848
64366
-32830
-53777
-95199
51386
39132
-33067
-32704
-97795
-85369
72348
-48949
81947
29860
70311
-64480
43522
-95444
84862
-2831
-7198
-98690
93730
66012
-84553
-12177
50007
81954
68720
84425
51041
-63943
-15215
47717
-7151
68912
-39940
-7359
-46110
29268
62958
14165
19289
-6388
-8509
50432
-58387
-94119
73339
-34861
31919
-45636
-19371
-80182
-23215
79800
-95820
-84596
6361
21117
-28082
-22869
-33509
-32319
-68092
-60056
-24705
-86272
-27594
44108
-32814
56373
-18005
16650
-98234
-64485
43282
-6389
67301
7290
24889
89247
48931
-39860
-75809
-83409
45336
-99894
-67485
-65754
74596
-12507
79466
26534
-34285
66325
-7019
-52053
-11377
-1571
-66096
-44361
28658
-30456
23262
49034
47191
-96873
-3809
94435
48543
-96674
-64378
75406
-742
89762
-16284
-54831
-42104
-91425
78098
88920
-64152
52462
23265
15521
-63585
-26599
40290
-34885
93963
34890
83904
-55828
67730
-26887
-76333
-78522
-33057
-32073
-23093
64597
-88281
19267
21244
54677
-4312
35781
52773
-22167
-6918
55825
-88750
-61268
-26908
90074
-1937
-87185
3047
13776
84615
97349
17967
41961
96106
29713
-61216
21596
-66364
93061
-44987
-56519
-99585
43030
-70105
-84936
-55556
-34164
1687
38214
-12303
24021
-78677
-77517
7664
-51362
67061
96503
5751
65452
92471
7693
-933
-578
35700
-96722
87679
-32503
60276
-73399
-50384
-16099
-79592
-40599
32703
-16230
-1648
75215
-1304
70128
84529
24062
-7738
60122
94996
25458
89398
-19436
20160
48314
83285
55181
-7861
-61643
96244
-35652
37488
35484
-78830
-35380
-96034
-99520
-64747
5267
-16443
-39368
44316
-11766
-33930
15772
17882
-3029
4582
-45274
85887
70125
-62662
-10999
-4734
72898
-15225
-26493
12224
32358
-30605
-35818
40121
-83157
-28788
92768
83298
9598
90442
63559
66445
-50016
-18299
-16426
-48817
3417
-27367
-53931
-36774
91632
57207
-4683
99242
49423
79699
11941
-70479
-39008
-90669
38089
59142
-24613
45951
-37067
25781
5768
-2050
83446
60534
-50633
-44823
-44501
45327
10571
98310
85448
-81706
38576
-43069
85301
23502
44652
63710
-67935
-97413
-87297
15796
-91995
-69913
7724
-43807
90454
40854
-23773
63259
4711
91214
65916
-2109
72772
20125
-32277
18145
-49959
-52194
-23782
932
2986
-67233
-74099
-56474
-11867
25916
45349
-8449
-7354
-70115
32698
98333
-74388
-9944
-53451
-50800
-31818
72553
96918
-43638
-87584
-48003
-90026
19996
28857
-14497
40875
-27337
2969
33707
-68793
30093
-68496
21624
68876
-53110
86000
71909
58032
82545
28502
-18175
44904
-78067
78418
-7398
56466
34655
-53106
-25763
90553
-23103
-28694
17623
50065
13211
59066
-8957
-26875
-74675
77672
-12893
-17180
-23495
-17226
-89482
-26791
84800
-48334
64686
14224
-75829
1770
-61134
12084
-16270
91378
43592
69852
70432
-47579
-16846
9570
-57495
93503
41335
-9711
-19473
-46473
-77397
10515
32071
-85908
-85145
64028
64646
42821
15341
8201
-46862
-19781
86668
-11435
-23869
-88264
-88129
74526
-31158
-91807
52337
86301
-5349
-95731
10190
-42544
85645
-63980
-82608
57742
20781
-34999
60569
30643
-60482
-58438
-73717
-6439
-34902
-93575
-76469
36261
10295
11234
-78416
-8318
73030
-30759
81983
-13745
-39626
5827
4433
-11001
70325
49409
-63572
73680
-32191
24204
-19025
91467
-54245
88701
36691
-16866
37540
70417
-98389
5181
-6977
-59508
16017
-8486
-88739
-74886
-12927
83417
44213
-46653
10364
-37249
88323
-53625
71473
-51280
-87808
-94988
-1318
-81339
-37129
-19597
-47733
81259
-36084
28298
-85274
47411
62262
-24898
79685
-23492
-78968
-96974
-88399
-62894
-93336
-53390
-25248
10983
29566
-91502
-56174
-58219
30395
61063
57335
-17408
-816
25740
95522
71023
-92005
-57301
-23723
32624
-66724
90251
52502
47897
-19611
76621
59590
-25676
4208
-51569
-76211
42075
45265
-60425
-67028
17276
-74324
-10989
30412
81441
-36667
-33036
40175
-66173
-67471
42380
84283
56068
23669
-84998
-62169
-82500
54025
-72552
44551
-51249
-56828
-23544
5905
69094
37165
44752
-2646
18581
46677
-16914
60600
57932
-15841
-64055
-90507
-71776
-41145
-82633
-15430
72498
-48493
-74573
35467
-25737
-78471
83620
273
9034
95552
80528
81887
16587
-97606
75717
86784
-32056
-56992
87855
-99136
38759
61052
-79250
-4972
2112
69079
39441
67522
12797
-14687
-41758
-21759
77742
7765
-49727
53698
-71112
81561
-18953
74419
26627
-20367
-59144
-30880
48197
60308
-43441
34902
24455
-39023
-22017
-35424
-31798
15696
9208
27774
-79641
-46669
-64169
-99877
53697
-7879
3676
9452
971
73842
-27084
-76731
76204
72256
-75374
32250
27056
17690
-93304
6101
-77119
-92998
-19204
21666
-3424
34269
35856
-53450
-82538
49045
35704
72537
14012
-45769
-38513
-58969
-44554
16379
-84353
98145
25621
58955
-9793
66180
26667
-17960
27412
-29573
-17527
46048
39645
11182
23655
51901
-30908
-48501
15238
-57610
-79613
47132
76246
41463
-63458
-28666
96083
95517
-21939
92792
-71971
-18424
-76849
-57558
-50227
17751
-25808
-81704
-77134
-38155
56118
-66257
-87283
51616
-65619
-36288
-24186
25840
19247
46439
-73435
88129
-80256
-40404
-70081
21579
63848
59080
-14983
-45667
55652
-20238
60519
-6730
54487
-76675
69738
87950
-38827
82049
-343
-88186
-37795
-5744
81811
-26340
11445
44742
-39594
9537
-86119
-45493
58302
-88128
-87977
70881
94042
64124
-38692
-34942
-81260
-18910
-93758
-82859
1012
9248
5346
90853
-76480
-62446
-94125
-38101
71503
76498
-21629
-36223
-25898
44050
9285
89972
47071
60441
73783
-97994
36513
-68986
71830
-13016
-45869
-74108
52860
-50017
49584
-85853
94588
-86632
-90062
-29070
-35911
-81622
97651
62334
-99063
-24595
8925
47152
-84394
67339
18828
-6286
36526
-8503
-74294
30969
92063
16549
33678
82051
69472
78464
-62594
43939
91744
-41989
78607
71835
-45629
-34738
28847
74208
-53974
-47194
39358
67211
-72022
-424
-89978
-93701
-12905
-25743
-55015
66144
53327
-91590
-26629
92306
87383
85048
70492
-78282
38546
62392
47733
-51517
25454
-19625
78471
-46083
-33350
-12184
77190
50928
-33351
20172
-77809
21141
27404
-77133
39945
-60308
66612
-93235
-3999
-15091
60162
48448
38337
859
-84340
-14905
40500
-15035
47378
-38913
49444
-82930
64510
35912
88668
68981
87689
-94807
92567
-76950
-10650
252
83956
-89321
50139
57202
29244
30289
-33308
-28213
-99741
-19825
-46850
-73791
3776
44359
-52737
-22665
-20099
25604
19539
87308
96317
-98235
-61205
43391
51216
70061
25334
10778
53397
-92334
73199
-38248
-99955
-19208
-3409
-9448
44374
92246
-51794
-13386
-6175
-58000
-50536
26660
67072
75021
-2209
-6879
-55082
-22509
53007
-44573
-96333
28653
-205
64973
40999
41052
-7963
91978
-60209
72463
36434
32820
77539
18048
-74107
-29016
-4090
59537
18508
-97451
-2093
-30504
-33256
-80421
-76756
-96156
79358
57070
-61372
9717
-50949
-22827
57025
-67853
24580
32092
46531
21426
-7737
70280
78381
78295
19849
12558
84866
82407
-55060
74963
-83148
-84405
-81241
49886
4018
-8733
48046
-77515
39372
78316
-34332
-91424
28780
-70575
-10015
-36146
-77882
-29353
64505
-27633
-82889
83477
79955
-87214
93533
-44300
-59057
36801
92094
-69425
82058
88185
-95873
3621
92091
-53893
17674
42405
30103
-98868
95179
75301
64617
18753
86927
-77939
-4595
53799
-3083
-17198
68471
-60317
-24545
-72383
33481
92267
35749
-72072
3122
10756
-36573
99231
-61026
-73932
-58696
22040
21237
5567
51767
87253
90379
13897
78559
-7101
-99588
4592
-4376
-38217
16916
50855
-83972
11180
-87468
94170
19489
-33224
-50894
15865
2926
-26080
3179
9361
-25859
-48039
42391
11298
18709
-61986
12244
24040
-40747
-90900
-34341
71367
-93300
14765
98144
-41805
-90730
-65198
-24733
71358
-88467
-22931
-74986
-32722
33092
25321
4202
-63804
-45200
95406
48733
45094
-36379
-37844
8691
-49551
-48742
55547
-79527
88338
46414
72795
455
90399
-51312
68985
-15342
56240
93475
-47678
55560
-19940
-20756
-82876
44472
97708
-79969
34512
-73060
-4083
-34643
84316
-88144
99786
-90739
32089
434
81031
-92328
78929
-71998
61213
-84309
-14754
1990
59633
42081
58405
-16731
-22848
-68403
-87647
94747
26071
62560
93399
91639
1239
31466
-83754
22639
69151
-83123
32344
-7646
24570
-48997
-7964
-32314
-65510
41294
-41624
97078
-50569
-31459
85822
-75361
-5344
-3023
-52803
63138
-12327
-83980
-46881
97641
45789
41784
47798
16137
-73964
60633
91853
34423
-41378
70591
578
49793
-22041
56236
-99782
-28840
-16764
90651
48744
72319
70208
63540
44341
91341
94589
-93026
-32383
72241
24061
-30527
-89770
38008
-69502
-22704
-8001
14664
-39275
22622
38103
-30517
-2875
-6621
-24545
-35473
41788
97290
-11000
22594
15341
-7805
85658
41880
29108
56714
18411
-36934
17623
11601
-99890
84254
63998
-1498
99660
22605
-36053
-10453
-77152
4397
78432
22853
41753
-53967
-74400
14554
-2157
92146
58054
18949
69502
-32137
53884
34268
47750
29844
27369
-17400
-97645
-75976
-55614
33983
7736
-19503
-12828
-63494
95594
-95806
-38456
-80819
-86222
-11970
5360
-52099
-77837
19089
-95737
83605
-73985
-94307
10246
25060
26997
-80705
-67270
-86885
7533
-88726
-28692
61088
81819
-97703
-41401
-42042
-99706
11728
65319
-55514
35794
8768
-55024
79782
-45897
99943
42069
18069
52144
8206
-425
-99679
53168
-79667
77892
64841
57185
29701
19805
-38659
-25411
88887
-33094
81828
68848
-7872
11797
23248
-72111
-69228
38549
-77512
-97562
-31448
-89179
18347
74542
22890
14440
44195
83078
48937
38002
-3793
-96025
-74235
60317
14638
18840
70375
74357
45899
90216
33128
-47056
61036
90465
-32582
-51120
98160
18658
-9236
97307
-62805
22871
-25448
-24415
67754
54739
77218
41813
-84934
62605
74474
-12979
-22145
77962
-37385
50467
49481
76243
20243
-75793
-89255
-99418
46557
-87683
76107
417
32523
57477
32908
-34701
-11638
-98145
-72317
-37742
-12062
-86761
64671
49854
-63049
-20273
91543
45186
-49031
138
-6720
18919
35739
39851
58447
7980
47408
-64642
39623
86462
-19521
61017
-90972
-64212
-83684
-93627
-91333
11807
21870
52535
2975
61152
72060
91845
-94796
-41379
95951
-45273
-55737
-64180
67220
-11733
-55046
25227
82822
-97456
-12969
-82321
74956
91341
9771
-16326
25269
67464
34522
34671
-2832
-20079
11846
46134
80924
-2987
33458
-11312
-53842
11027
-97004
-4044
-69792
68864
44179
-44909
81671
47722
81664
56239
-93397
-78859
-56900
-36496
-6066
95972
76214
-75186
30445
1846
-6463
-45644
-54641
-79750
-82575
29131
-78887
-21313
-84917
86773
78375
84578
-67684
89309
13331
2458
-15727
85508
-1721
63652
8686
-74701
-20646
-22811
33589
-48133
30532
32853
78955
17091
-58029
-44810
96116
-14564
-77201
-99516
90964
-78727
-29151
-79191
44036
28617
-24030
-56279
-87476
183
-54170
43428
-31748
-77041
-94079
69136
22119
-54814
25407
-10384
-68110
52093
34083
-16753
68015
37128
-71492
-15642
-92410
33049
34174
69387
-33062
78140
37761
512
99913
-66347
14079
58124
-7544
-48363
97325
-79592
-51403
64908
20013
-46621
80198
-23909
89606
-25123
-86491
-13475
-78509
24945
95097
-74991
-21083
12331
-58123
31734
-2593
13323
-69042
-76695
86047
16281
-37817
1532
71979
37896
62118
-51386
-58857
-70780
69817
94923
30206
72395
-95699
-54590
-5781
25577
-40800
-26362
-32970
-69021
-65233
-97416
32639
43174
-36435
67371
32964
-20517
33220
-18842
-41903
23927
-11554
-96059
-57110
23692
23354
50560
71343
-14014
77488
28901
74120
14051
8008
48115
-24674
84321
46235
49102
-54811
58286
38702
-68018
92443
96120
91012
16365
-69365
10660
-64759
-21055
-84451
66271
52370
34349
3511
63320
-93116
-8622
-48461
-61160
24586
-6012
-60417
-89346
-35701
93100
54139
-23160
61410
-87620
-34507
87462
-45414
62883
80501
-93456
-67136
-628
44650
53651
7603
-79241
90367
27511
-78761
-56127
-86461
71186
-19069
-70862
-95012
-21599
-57918
-62681
-64425
-42446
9581
-52894
-40167
55730
-63155
-59037
-8218
36962
-22886
-42287
-96307
-87983
38954
94717
-80689
86854
-5471
-80516
94915
-21484
8797
80906
29773
13329
-60759
62167
-4986
19092
78865
-481
-73507
-75855
-2180
-83062
-86282
67603
80225
-63404
-87334
-5290
98836
-20541
-38333
-13290
79488
-7369
-7723
82151
-20004
94231
13941
97035
36757
-41075
-78818
18415
34638
-92971
-91470
-59272
-61412
34253
13482
-14078
82304
-33297
24166
-47797
97332
-28973
-26819
-38936
-27223
53243
-89283
27808
26522
-89551
-43066
41964
-8772
-15703
64815
-88633
-7439
45854
5364
-82028
24847
-36817
-59034
-66531
55658
93800
17559
-63584
-29314
15255
38106
64276
34747
-28082
3641
5555
71393
30632
53270
-17525
37054
6775
-80555
-4609
59473
-90078
-46707
-99927
-44572
22996
7734
34015
57850
-29188
-3318
97171
-14782
26623
5769
9559
84456
-36308
55507
76272
-28882
-21574
46985
47804
20880
-64444
-37485
-71087
-16053
73931
79304
18016
49392
-15575
-48682
84758
15022
96904
32811
-68971
-73124
52263
-259
-13245
-42900
33108
3176
60892
94981
76116
19876
-21649
36997
-90088
30796
21810
-60644
60276
-84508
44054
95524
-29008
-69530
31952
-72830
46668
50963
23945
49482
-83851
-1989
-73387
-38574
48044
10604
61359
90534
33448
36916
-26999
-88427
84451
40994
-19945
10031
28978
-25753
-18440
-40465
46545
93675
-72224
-77421
-32051
58856
-91515
-79141
50163
54754
58474
-73778
-43539
-24949
-74864
-11570
-61210
4556
-66928
-57636
28610
-53511
-65227
-40044
54594
28324
7962
-77604
81446
-83800
-15869
-9368
68075
-16759
-55769
-27769
19855
62059
59555
-70697
78729
26061
-16201
49359
-11126
79545
51445
-29432
-87258
4160
59261
-61844
53829
25670
-28468
-50779
-47986
-30867
-21392
-86450
-47056
73053
43637
55265
21632
-52775
-21056
-62044
37103
-64896
33795
-4351
-60511
97359
85492
-95200
-22
-72293
36601
56953
-92024
48365
-54851
43767
-47534
72931
-36577
-87882
39903
42126
-69850
5417
-75814
-22806
-88681
-71506
99797
-72306
15566
-99169
-21420
2129
-55928
99980
192
52385
5266
-5592
97661
73965
8171
45629
80670
46730
31901
-88476
-24700
79119
-5403
-30339
-6245
-48529
-1282
59544
52379
95946
-70541
-33284
-94935
-26588
-73007
42389
58233
50455
-65729
42789
-97231
97767
-80972
-7262
-37445
-27153
96186
36987
-12129
-77124
40413
-99009
-76512
-50416
5341
56233
45804
-60902
48946
-22479
-31902
28446
-6924
35590
-12471
-94156
45742
18190
-62957
-63928
-77691
35965
25900
-14072
-54850
59895
83536
-2976
99724
24786
12385
34142
-51080
47554
-84315
84228
68643
-78434
-94831
-31891
-86429
-60628
91478
63358
69739
-79780
-19796
-81999
23357
60868
-30217
-32831
-16778
-12510
52214
36387
75000
-17689
13932
30597
42069
91795
62653
22034
-14738
79095
-9231
36107
-65698
35335
49220
54398
36583
-41827
-3896
-75790
-25188
-71549
65559
-27877
-66498
58886
-89695
-60604
74413
65019
93171
77150
-78416
88272
-93429
88272
40411
-69188
72146
19901
-52668
-70131
13758
45700
-72116
-25281
9494
1172
20847
-41951
-85583
93987
-2785
9696
14525
-31251
-76692
-37677
-38729
-98906
-91913
-42896
88019
70318
-32673
-66289
-54054
-26808
-32974
24831
40470
-60469
77640
77662
70197
-76189
-53107
-22302
50929
49385
80060
25240
-14679
-42667
64294
-71890
-422
40710
-43578
-64791
18558
61296
-99397
-27624
-38783
-7933
-19302
-75997
-26219
38028
-15234
23910
-36595
45726
-648
-24779
63251
21453
44422
2424
89440
-70743
23555
93561
-50853
11723
-90997
-18306
48229
-21078
-69707
-62452
-63134
26201
-64305
42193
75691
-90985
61192
75464
-842
61105
-38851
-66573
-85907
97630
16175
-12567
-94924
67079
-98712
-32846
95424
77036
-32073
-89867
-93026
-44417
35113
-15290
-46021
-6304
69687
-44753
16731
-92766
17586
-74147
-7909
72026
71847
22613
67578
-50422
78285
-1341
36711
-99567
-81834
76212
-46661
78805
-22125
25968
72096
-7463
-4702
-9988
-48257
20240
26462
-32882
-43591
50916
-75955
21900
-81639
16131
32205
-90920
-86329
-54853
70498
-53538
14450
-8410
13949
-27373
-9225
-16088
44687
-62385
51599
13529
-69715
-45098
35610
79759
-46329
-4179
-93624
85932
-29054
73271
88821
-93992
57739
-89856
43097
94995
-1508
13539
-34037
-10070
53119
46423
-85529
92680
