5775
-18111
-64214
59218
-44430
-5039
-97204
-48414
3140
34252
-58164
36569
-54832
76578
-10588
78332
1502
-1039
-17820
-19022
-94668
-28739
55464
-58896
35126
-288
41309
31921
35947
40107
51852
-77501
76337
-19726
-99702
-78523
-22141
21455
-58857
-290
-64184
-73219
-82858
-7212
-52967
61564
-39249
73438
-36013
10249
60845
-19948
88977
55509
-79605
-44904
5382
67869
-54988
32994
-85438
-90997
93049
-55115
-84848
66561
2242
-87101
44413
74090
-20396
-67781
24063
-57524
-6607
-56058
-96609
43353
-66316
70816
-36699
-1413
99577
6050
-82501
-60394
-53654
4233
93641
-85552
32809
48778
31189
51050
-36467
-28905
41950
-3179
-2746
52197
-91724
3481
-82202
85161
-41447
-35824
-40806
-5470
23441
52635
66901
-10775
32997
16128
-42899
74833
65816
87172
40628
-99063
-62286
-84328
-63058
93250
89793
-84495
69129
42344
-28084
-93560
19375
-28414
15551
-32359
-17449
-97032
55143
-51005
-41271
32931
80991
31782
92483
75699
-44915
15205
-78934
-59686
-61186
-78965
-27102
-78458
18141
80364
8241
-30635
-37871
-23390
-6689
62700
60099
23902
86350
-34259
-77654
-916
5758
5037
-24790
-6658
-29831
-57184
50948
-16281
-12064
72743
-17376
-39003
53841
41475
-64102
62296
-53663
40943
-6476
84908
71234
-80603
-15935
-58081
62887
-72254
9382
-73936
-87315
26469
-22888
-47566
28920
15375
-58479
68827
-73217
-48861
-32344
-56578
-15960
-95217
-56067
64187
91094
20635
-86548
75075
-32948
81566
-83033
-53122
34290
92639
75338
-69354
58180
-87205
64344
38035
-49983
83765
-85231
2136
-65498
-20811
-96746
-37117
34617
-75352
52858
-65549
15168
-94489
-15699
-50519
-7492
-76847
-72741
51795
72790
-78335
-86196
-38728
-4658
93808
-92087
21660
77404
-58750
-12588
-67861
17551
-61528
-81525
-53298
91509
-48555
92608
51672
-82372
67480
8262
3355
-15663
-56831
-88050
-71034
-46509
91694
-43190
30393
56941
76547
-37885
-86316
72838
12791
-89941
-48331
-95188
5381
56127
80553
44100
-45200
16181
82002
13050
-93128
-1649
-78639
-65362
-15457
75175
-45214
-69875
-39831
-60701
27428
-59343
-92363
-22228
59798
-24123
49690
52041
-73014
-51023
-3128
59413
-12367
-31559
3544
-77495
9753
19901
26686
-75366
-39945
-82073
-2344
-92842
-25820
-82264
12952
-11926
92611
-94139
-14430
48342
82859
-40359
62816
52078
29176
79516
69110
76463
-47265
25773
82382
-48533
-28014
-82068
82234
68780
99781
60116
-87857
-56765
36750
-43556
-32241
95962
-86634
93299
-74071
-65712
-85337
2362
-9514
70304
60446
35655
67030
18650
-54874
-99408
5494
11836
88667
-86052
-59759
-98361
34327
-4097
18625
40611
1247
-33567
71318
-22408
90420
-81232
14496
-75090
-50227
-92078
-94639
-98543
-21736
-66076
-34630
-29238
67160
1545
75553
-47252
-35862
20046
-9636
-15791
-48296
53364
99345
71069
29990
28744
-56825
14681
60490
91180
-54898
-63919
20924
8046
-67445
60190
90025
-30257
48349
59223
86564
-98492
-19819
98411
82687
12850
-78540
26258
34814
-11495
-50939
65998
809
82224
80801
27614
-4153
60075
60053
65527
37580
-27229
-75345
5934
5066
51351
-93351
-82490
49001
-80122
-39766
94158
-58159
-49575
-63541
-60817
6464
38971
-6124
85242
-27306
57675
-91639
2002
-31387
-21670
-82545
34319
76385
-27222
31972
-39936
-42176
51346
35960
84674
-73106
76892
-63831
-68040
61712
-70121
-45121
-42484
32114
8785
-48929
96255
25130
35832
-98041
-43234
44421
43632
8722
20144
57122
-37305
-19748
-51519
-39862
24665
58351
13157
47231
17457
-99143
35503
-64757
-64955
-12406
-64674
-52322
-82261
-47113
-71644
-84471
44084
-36378
37568
39610
-83587
57417
-38670
-28690
11185
20624
-23918
-62310
-82120
-69600
-76055
-31656
-45146
19334
-29607
-94255
-52238
-20353
67758
71796
-83218
-85055
-50276
-59328
-96613
97502
-42066
81838
70799
20501
-45129
825
-77204
-77097
88968
68490
51925
99442
-55011
-48801
-51771
16334
-41885
-75927
60267
71785
75948
-32994
69768
-38591
-50158
-91232
54561
28375
-45838
74643
80718
-64737
-21537
-84627
58585
37297
83941
-2849
33029
-69764
-63765
24419
-83611
-49577
-43957
-85473
-15614
-76176
-83785
-19030
28106
-71483
-8259
56853
45276
19892
-90875
73083
-27931
-10908
-22963
-99789
-34649
-31535
-3340
-66152
-94085
74672
60718
-97383
-61836
89929
-80974
38958
97013
-59691
11327
-72395
63900
66885
42607
-4252
-50191
-76258
-12379
-75601
-4203
81547
-59810
-57025
83991
55794
-72233
-89144
23979
-47562
-4836
-14184
-3681
37610
-92190
-80751
-47699
421
-988
-17678
86773
50855
59766
-86718
84258
-41653
-81719
29947
52493
9197
-45245
-40791
36872
37221
8659
-45476
-92803
75780
48729
-52747
-67018
31941
-30351
31617
98265
68701
-72255
90821
39255
-72433
40456
-14418
-20812
-48400
-30824
-38260
73062
-70414
51069
-52208
-77180
33566
77641
-87741
-99999
34823
-67053
31894
69545
-2717
-37310
92180
-5286
26635
2015
8776
62429
60517
36812
-21353
67691
9270
-53807
58018
66562
-44916
30949
-34591
-37712
98656
34129
71719
-49535
38556
-29128
-44395
62213
87151
27972
7787
37895
-64252
-27092
38479
40088
-47790
-53145
50972
-5968
55950
76874
-77895
80135
-97939
76262
-38411
-74223
-71555
-22603
35054
-23235
26699
-25504
37164
-85735
84318
-77197
-31310
-16028
-54817
-32708
-85249
-70269
-89700
63897
68181
-53967
-36625
15425
50977
20788
68964
74142
53937
-52779
86003
-94558
-26812
79163
18044
-77691
-29530
29130
32045
4943
-22864
75096
29606
89096
-34960
-88843
3053
48391
5806
69329
-39602
89202
-51670
64330
-39963
-10945
50148
-96699
38791
51491
-72104
-25131
-71508
-33576
-85883
-86825
-7075
36036
15031
10173
-59317
-18261
88114
-21949
-46445
-17250
-34336
-63659
83481
-84993
51979
-80408
10461
-31387
-33977
-87853
-43576
50746
81109
-64577
88862
-59338
-81222
57704
83029
-90973
-3664
84982
-68353
-52073
95554
-7853
-49956
-8324
11560
-26055
-72066
81567
-99661
-43755
41187
19905
-78244
64597
-51512
-95555
57853
41851
-69408
-84963
-3524
73725
-291
-99008
78451
84334
34728
-10598
38572
62787
-45751
79251
-68073
43105
-68539
-12853
59667
33437
48319
-38016
-55704
51318
-76182
-35226
-99828
-90238
13135
-22756
57541
14808
70221
85476
56944
15955
-99018
-32317
-23184
94741
-67974
88757
-70863
-15144
-83719
19706
-79000
2846
-80840
-51448
33869
-34666
10714
-1930
92463
-53047
-68251
-98953
3619
-96776
27356
-14499
-47897
-53628
63887
86683
94415
-82340
-38485
-71441
-74952
54294
63862
185
-77503
-93834
-52453
75184
18377
92691
-84444
-35977
70027
-62198
-11678
93562
-49893
-30269
78318
86164
-78633
-63758
62390
47988
45686
73196
-62759
-62398
-33320
-91446
-72404
-44038
-18001
58431
15583
67277
-40336
23325
-11205
88535
79024
-19597
-84369
55888
-80245
-73032
42378
-80060
-97654
-94235
95032
46110
-19428
29891
51381
